time,x,y,z,phi,theta,psi,x_velocity,y_velocity,z_velocity,phi_velocity,theta_velocity,psi_velocity,rotor_speed1,rotor_speed2,rotor_speed3,rotor_speed4
0.06,-3.55179201576e-07,4.690500728e-07,10.0073143918,0.000348381128538,0.000278317504748,0.0,-3.06282780186e-05,3.95615654308e-05,0.243792188373,0.015434412152,0.0125945305208,0.0,480.5445207427791,481.4980361229082,479.1193558038429,480.2910892768399
0.12000000000000001,-1.30844098948e-05,1.67334950768e-05,10.0299897782,0.00164848420232,0.000584828270318,0.0,-0.000470518358065,0.000646672166965,0.511972140078,0.0318812220315,-0.0173237288002,0.0,488.2955743868331,486.0589059922286,487.09717285519946,488.3253342900637
0.18,-4.99431127103e-05,0.000100115801624,10.0652896664,0.00314933360778,6.28251200955,0.0,-0.000633293353606,0.0023263860748,0.664613541466,0.00546832259678,-0.029491925227,0.0,453.83797935832,452.8604051312963,454.8932756456133,452.7736649575687
0.23999999999999996,-6.46718405158e-05,0.000314929395502,10.1108306363,0.0037778535223,6.28081909928,0.0,0.000341404514693,0.00489048892136,0.85329625278,0.0189702293522,-0.0257770533398,0.0,464.6287980931355,464.91973227535965,464.0304709748164,465.0889090019166
0.3,4.63082237619e-06,0.000684177548997,10.1633966246,0.0047850132512,6.28041884388,0.0,0.00204599733247,0.00751879493248,0.898867708044,0.01201463686,0.0165857783173,0.0,419.023422424881,422.68958700572693,419.50766195581167,418.9032719939854
0.36000000000000004,0.000177745469044,0.00123143798847,10.2192097425,0.00554473890016,6.28153100117,0.0,0.00362245680172,0.0107944159121,0.961518482428,0.0139265182379,0.0221756409101,0.0,425.9086274243655,426.38634582283555,425.2153393475993,425.3789600474238
0.4200000000000001,0.000421415143216,0.00199135772361,10.2789490041,0.00606298238236,0.000671730591257,0.0,0.00431028004816,0.0146046326816,1.02973071166,-0.00489239793142,0.0600138820482,0.0,425.5638869233644,428.7907726090344,428.9161496433824,427.31502947125153
0.48000000000000015,0.00065640627025,0.00297437259482,10.3407772882,0.00523142657786,0.00400117380561,0.0,0.00321805779492,0.0181253995386,1.03121041017,-0.0456003779789,0.0444229294084,0.0,405.7410276961988,404.3413939130674,407.85274158583724,404.2009096520073
0.5400000000000001,0.000740580554024,0.00417675312629,10.4092207539,0.00279813925258,0.00627737146431,0.0,-0.000712713324468,0.0216456559316,1.25002495533,-0.0320060907406,0.0199950290346,0.0,475.1926339996301,473.31714126031164,473.576696691374,474.62028332634503
0.6000000000000002,0.000557007475417,0.00553106540122,10.4882418733,0.0023654105989,0.00720282258226,0.0,-0.00552131820095,0.0233958064053,1.38385921544,0.0199119861379,0.00420526177848,0.0,449.4397154880923,448.1581837821706,447.22433632341955,451.43275990818773
0.6600000000000003,5.92117058136e-05,0.00699534952986,10.5765482962,0.00435477755759,0.0076864848018,0.0,-0.011112962094,0.0256026133935,1.55946432226,0.0513857182709,0.0148317522079,0.0,461.50532936261226,462.3431309841249,461.11917903133417,463.59892440483696
0.7200000000000003,-0.000771586737206,0.00863428775575,10.6733351848,0.00738774871944,0.00869218098598,0.0,-0.0166770737833,0.0293431245915,1.66661243189,0.0488230054167,0.0203658753239,0.0,441.9283100706823,442.38411695033506,441.0798711623495,440.869836310465
0.7800000000000004,-0.00199803358151,0.0105959844427,10.7810048691,0.0105222132341,0.00976670136186,0.0,-0.0243451384926,0.0364234804215,1.92197901105,0.0583228468732,0.012475803102,0.0,486.68661708688546,486.0956688270985,485.9062375161946,486.6193276671978
0.8400000000000004,-0.00366889926984,0.0130181903709,10.899858787,0.014103293286,0.0107235829772,0.0,-0.0314383897416,0.0446848744277,2.0396101391,0.0622768662829,0.0221174876454,0.0,445.429046237946,446.2167004117249,446.1354618787263,446.46065920965424
0.9000000000000005,-0.00578753930253,0.0160126199225,11.0257609195,0.0176940025986,0.0117413228119,0.0,-0.0393060934629,0.0555097924688,2.1569058206,0.0544770394552,0.00388130804552,0.0,446.7481908461773,445.25878477501044,447.1256284721475,446.49226237773934
0.9600000000000005,-0.00836675044244,0.0196855957617,11.1562181651,0.0211375433951,0.0123678044352,0.0,-0.04670881927,0.0672318613714,2.19159602091,0.0626623368982,0.0210928589478,0.0,420.1511483649272,421.6405871622975,419.45447358274316,420.16714735131364
1.0200000000000005,-0.011455468603,0.0242152413154,11.2927611886,0.0248222674764,0.0132854562484,0.0,-0.0563707921873,0.0841661162046,2.35949490598,0.0587875833724,-1.58508224344e-05,0.0,462.85908094328767,461.1948359676197,463.20687027038286,462.904602127411
1.0800000000000005,-0.0151944594503,0.0299494644264,11.4435171703,0.0285722983268,0.0132209214327,0.0,-0.0682493151464,0.107440509148,2.66503024089,0.06904627264,-0.00328425953933,0.0,502.33261563842643,502.0955848307917,503.3380678125214,504.08220734188944
1.1400000000000006,-0.0195866442352,0.0370572479235,11.6082758365,0.0332037557482,0.0132010948397,0.0,-0.0781404319668,0.12996544757,2.8265235558,0.0898616006329,0.00500504192883,0.0,461.77264774787795,462.42608337622556,462.57213747866325,464.21270772052986
1.2000000000000006,-0.0245391319358,0.0455357751668,11.7801048307,0.0383014271313,0.0130710924081,0.0,-0.0869549501597,0.153162981901,2.90090266805,0.0727189845284,-0.0230876175346,0.0,437.63045422397033,435.2858705808981,437.4203737355594,435.99642367456636
1.2600000000000007,-0.0300257525346,0.0555463128401,11.95744543,0.0435532086871,0.012171672567,0.0,-0.0958145187056,0.181017427416,3.01014713267,0.107217871345,-0.00237244606124,0.0,446.86609682415474,448.55160246126434,446.9348073966451,449.743624805958
1.3200000000000007,-0.0360205537277,0.0673125790775,12.1406181772,0.0497173316048,0.0118838871069,0.0,-0.103988586744,0.211811452395,3.09535092744,0.0917971562215,-0.010148525089,0.0,440.77417218345704,440.1311420720302,442.45365353939235,441.19137277774786
1.3800000000000008,-0.0425264946699,0.0811687700962,12.3312837726,0.054997434315,0.0112962765732,0.0,-0.112804164181,0.250640757189,3.25967848492,0.0790659333205,-0.00909275900279,0.0,466.0022755522875,466.08492549705255,466.5463080992642,465.55719973440955
1.4400000000000008,-0.0495631048312,0.0975461415812,12.5331254021,0.060537653083,0.0105983602484,0.0,-0.121670103678,0.295852910241,3.46772602276,0.110585383319,-0.0172670921874,0.0,480.8178900104828,480.19832386025973,478.2133319001501,480.6144093255292
1.5000000000000009,-0.0570452112927,0.116374482249,12.7409543209,0.0670225235,0.00930145323187,0.0,-0.127634991728,0.332323853778,3.45988533525,0.102537735053,-0.0321578713462,0.0,413.4544437561748,412.14026783934924,415.151056969384,414.45545281340924
1.560000000000001,-0.0649036420597,0.13783662986,12.9531979547,0.0733895998152,0.00727621298886,0.0,-0.134090993473,0.383736697206,3.61436892975,0.112453405029,-0.0371535597153,0.0,465.0512423633717,464.6593497831279,465.77053004705704,466.5546237171661
1.620000000000001,-0.0730925661879,0.162414351552,13.1731849181,0.0801886279955,0.00491829195553,0.0,-0.138635909993,0.436188424427,3.71813256325,0.114989453786,-0.0439755967733,0.0,451.2482297662995,450.696399656165,451.185856892057,451.40177537436415
1.680000000000001,-0.0815062303454,0.190327911482,13.3999651085,0.0868240360436,0.00189716229309,0.0,-0.141524382908,0.494942581004,3.84072763074,0.0999039659135,-0.0678488823397,0.0,458.31626429362086,456.41307415868556,458.78261229868235,457.59352757844806
1.740000000000001,-0.0900254558009,0.222094306711,13.6362404121,0.0929297932538,6.28062223572,0.0,-0.141959946607,0.564575785784,4.03436864459,0.105239795206,-0.092277452415,0.0,480.77235567767895,478.9136612517782,479.951775449301,480.3647083837781
1.8000000000000012,-0.0984687413119,0.257937356132,13.8815187813,0.0992211894324,6.27491045116,0.0,-0.138904842281,0.63080075096,4.1411085919,0.104079652531,-0.101782399341,0.0,456.0792786260618,455.31191455865127,455.2596464886649,455.17611758064044
1.8600000000000012,-0.106621691456,0.297731040059,14.1316661269,0.105402171892,6.26900792582,0.0,-0.132288538031,0.696221717235,4.19684180096,0.10080210234,-0.0923135887797,0.0,439.4950935681752,440.2708055428043,441.1614055440831,440.89998067104926
1.9200000000000013,-0.114210520144,0.341949241757,14.3887104305,0.11120793172,6.26341919881,0.0,-0.120052742334,0.778310914218,4.3705369412,0.087133874314,-0.0948620514316,0.0,477.39958405040505,477.19839438837477,477.6746686413411,476.63835944979854
1.9800000000000013,-0.121055357238,0.390579850644,14.6504667407,0.116423748868,6.25748769309,0.0,-0.10761404648,0.843149541221,4.35464347482,0.0865202513621,-0.108362975327,0.0,420.15765841102257,418.9762141912121,419.07907525433177,419.0324801390379
2.0400000000000014,-0.126903881622,0.443821599401,14.9166126664,0.122385607582,6.25072020985,0.0,-0.0866165824394,0.932115958071,4.51612428649,0.117195413043,-0.123564733105,0.0,475.8842417597999,474.70852381019876,474.0473826109081,476.4062822887257
2.1000000000000014,-0.131410676549,0.502267339373,15.1902309425,0.129183494226,6.24351163543,0.0,-0.0628877068125,1.01671038367,4.60397429507,0.104077469304,-0.11405852483,0.0,453.94728164974674,454.69682280623164,455.24327998314135,454.2033305017587
2.1600000000000015,-0.134406512692,0.565738087077,15.4676965241,0.135375249052,6.23687976703,0.0,-0.0363507934134,1.09952077309,4.64456002816,0.101373358487,-0.104279171313,0.0,439.9468134899049,440.7448950909436,441.13960374196756,440.92557746163027
2.2200000000000015,-0.135588253113,0.634571450301,15.7496157873,0.14149389627,6.230796894,0.0,-0.00242384594714,1.19546979519,4.7521245589,0.103158131679,-0.0961415423502,0.0,462.2232318822498,462.8556808015398,462.08341946757633,462.2326840404792
2.2800000000000016,-0.134479159708,0.709630558578,16.0403483869,0.148457551423,6.2252007345,0.0,0.0400040821727,1.3071223358,4.93794667736,0.13394776669,-0.0880715432417,0.0,486.6850598665016,487.2822125921522,485.8080872399674,488.12180053560496
2.3400000000000016,-0.130702120771,0.791535708694,16.3420746503,0.156658013446,6.2199031116,0.0,0.086453413119,1.42382256506,5.11852364595,0.141630033404,-0.0887414929027,0.0,489.04287419163103,488.9872631873225,485.6718982837858,486.2633007060278
2.4000000000000017,-0.124580606012,0.879243482352,16.6459037376,0.164680715649,6.21453616644,0.0,0.118009155377,1.5004120504,5.00939962276,0.109056531414,-0.0909021517236,0.0,396.87129305324675,396.66515343172904,398.0483081583238,395.07366710173477
2.4600000000000017,-0.116183822227,0.972370859869,16.9474508972,0.171272136003,6.2086867964,0.0,0.162389230873,1.60437347251,5.04178953212,0.11141039277,-0.115828920107,0.0,444.7553478661101,442.7001935761178,444.0824931072494,444.2862215447285
2.520000000000002,-0.104863459615,1.07218264988,17.2527985728,0.177784040773,6.20119287032,0.0,0.215640498947,1.72322976926,5.13575269142,0.10204968613,-0.157433773584,0.0,466.2985464215223,463.0217514542116,463.96225983407504,463.23644283117216
2.580000000000002,-0.0905768401462,1.17841487265,17.559124776,0.184281233882,6.19222441651,0.0,0.261323190608,1.81833585572,5.07513763012,0.118496580893,-0.137038565936,0.0,414.78262320947596,416.5471858686556,414.5616696815504,416.0156407137542
2.640000000000002,-0.0734090834983,1.29045054983,17.8617757421,0.190962940929,6.18426122511,0.0,0.311592201189,1.91672284959,5.01322379543,0.0906437923872,-0.125249291078,0.0,414.426850123374,415.4443112341847,416.332508714555,413.899458775654
2.700000000000002,-0.053196085651,1.4082981374,18.1597346112,0.196399542831,6.17679182887,0.0,0.362764962231,2.01194356982,4.91890540455,0.0905424732725,-0.123014377061,0.0,403.3604743658318,403.54649317636154,403.86971303197294,403.8683554025034
2.760000000000002,-0.0294817267551,1.53250765996,18.454893629,0.201830940106,6.16913670506,0.0,0.428365049777,2.12876737436,4.91941465103,0.0904849170983,-0.13879040134,0.0,436.28169740453274,434.9468447085363,435.93797943572645,435.94020804087427
2.820000000000002,-0.0010834354141,1.66486462952,18.7551682789,0.207245266928,6.16083990744,0.0,0.519083535353,2.28348086569,5.0885562786,0.0897422600301,-0.137279250152,0.0,489.3034687024001,489.40016888732305,488.64982558168003,488.6004604777547
2.880000000000002,0.0322823865126,1.80550510576,19.060294536,0.212682457138,6.15217043314,0.0,0.59383061998,2.40490638969,5.08198443718,0.0923184553581,-0.165554910403,0.0,438.5086948026023,436.1324339728227,435.9194272380974,436.14173675931124
2.940000000000002,0.0708327915143,1.95436947087,19.3689345791,0.218012688716,6.14256097779,0.0,0.692124346462,2.55756056307,5.20496127103,0.0807682545468,-0.151113705906,0.0,477.58317350596525,478.6609937333218,479.1392150054215,478.2660767704661
3.000000000000002,0.114953949006,2.11167957294,19.681269436,0.222616934196,6.13401917463,0.0,0.779331940014,2.68639448437,5.20578608036,0.0671313935548,-0.128967437891,0.0,441.7244437961648,443.5279410951946,442.1583177072897,441.0378618587158
3.0600000000000023,0.164169791331,2.27636085036,19.991762539,0.226661346132,6.12643449536,0.0,0.861821185123,2.80323169748,5.14391380524,0.0679519200218,-0.121739454553,0.0,421.6318746764011,422.24047774481835,421.8475642199716,421.9220937114151
3.1200000000000023,0.219006324587,2.44887879819,20.3018764662,0.231607316353,6.11855931546,0.0,0.966698553174,2.9475951598,5.19252371276,0.101821378493,-0.168348030283,0.0,460.6874499106099,456.96953161327167,457.1641275604118,459.86029081179885
3.1800000000000024,0.280003073972,2.6297318572,20.6131368719,0.238162031535,6.10831178379,0.0,1.06737894684,3.08123023344,5.18232698587,0.121012643546,-0.176184838603,0.0,440.80775364885693,440.13118955145603,441.13404170468664,442.7266293010615
3.2400000000000024,0.34725652183,2.81874199487,20.9239042451,0.245050096948,6.09764111446,0.0,1.17528949512,3.21954437367,5.17600147924,0.0979657389946,-0.181383861496,0.0,443.8229173384722,443.365297333711,444.65363903259134,442.77271203492563
3.3000000000000025,0.421367094816,3.01638824823,21.2352057863,0.250678283601,6.08683127843,0.0,1.29598303635,3.36894614425,5.19995766066,0.0838164430509,-0.1778327457,0.0,454.43210740508067,454.68614950093473,455.70668515472573,454.5811881610355
3.3600000000000025,0.503274042752,3.22350948003,21.5495838714,0.255601787716,6.07686628483,0.0,1.43512723702,3.53524710013,5.27823141284,0.0782901523263,-0.149364504906,0.0,473.23030455138723,475.3918221902094,473.4074014975233,472.98690926908927
3.4200000000000026,0.593613422685,3.4405385944,21.8680689148,0.260207113458,6.06762658624,0.0,1.57692377759,3.69917408193,5.33695797129,0.0734963511352,-0.165379588165,0.0,470.12148884611616,468.8574284141445,470.4252430332017,470.0581224526337
3.4800000000000026,0.69158580698,3.6662206997,22.1853743245,0.264855871304,6.05789303063,0.0,1.68958209235,3.82378171491,5.23979651124,0.0844423685542,-0.156572896001,0.0,420.121415059575,420.85774579657476,418.883729192227,419.83988142485987
3.5400000000000027,0.797522774827,3.90062521038,22.5012339927,0.269847449166,6.04864377354,0.0,1.84237841532,3.98982061596,5.28784944268,0.0805709164638,-0.149714850448,0.0,467.82192277799754,468.3345713033128,470.046328164995,469.75137247861875
3.6000000000000028,0.912731976276,4.14496991356,22.8196168865,0.274554098018,6.03937317011,0.0,1.99861768888,4.15508478315,5.32394578292,0.0738127051797,-0.1664084399,0.0,467.513208444369,466.18883393161565,468.06860023688284,467.54680270575705
3.660000000000003,1.03824603497,4.40009731998,23.1429938634,0.278827766717,6.03081912705,0.0,2.18583848793,4.34907678817,5.45369402621,0.0654827378635,-0.116055313532,0.0,496.1814376641785,499.8466280046867,499.4131288409622,498.80832571961037
3.720000000000003,1.17403962564,4.66571184152,23.4698978121,0.283041606091,6.02372216279,0.0,2.34109024934,4.50477901361,5.44242630262,0.0783436280538,-0.123152834736,0.0,458.2072469073362,457.6303595181835,456.1321288599734,457.1618686150123
3.780000000000003,1.31883664562,4.94025028011,23.7945142178,0.287404112198,6.01679127426,0.0,2.48597595628,4.64662524858,5.37773870779,0.0579948163225,-0.10347724251,0.0,440.4216421599034,442.0341368843981,441.2723754116873,439.59296196042925
3.840000000000003,1.47312098316,5.22404234164,24.1176247579,0.29087792925,6.01034275807,0.0,2.65719985706,4.813027528,5.39175877846,0.0577005808195,-0.116983748199,0.0,468.3330367578403,467.27142787774505,468.1352338357291,468.11446456109064
3.900000000000003,1.63740477273,5.51744178216,24.4402061225,0.294734385558,6.00404358793,0.0,2.81933348204,4.96693051658,5.36035145301,0.0749396940421,-0.0880054831875,0.0,454.1892958167041,456.4982446904777,453.693780308153,455.07900567071704
3.960000000000003,1.81209940425,5.82069698288,24.7628173787,0.299621190298,5.99934093876,0.0,3.00399306717,5.14155565411,5.39230797047,0.0920220612187,-0.0639525401149,0.0,476.39071095952875,478.2221244628966,476.0448976944942,477.3553406129395
4.020000000000002,1.99695510535,6.13347761583,25.0840552721,0.304618954758,5.99559649319,0.0,3.15804906723,5.28463043888,5.31528518104,0.0534820458645,-0.0594849073595,0.0,443.2446988237594,443.6089891199327,444.131795410108,440.96375478317873
4.080000000000001,2.19147525669,6.45525213656,25.4018491007,0.307713161331,5.99166059897,0.0,3.32607901354,5.44110020161,5.2773275464,0.0474438662078,-0.082066909836,0.0,458.0479005376362,456.2447438230711,457.0999819978533,456.6200280056992
4.14,2.3956217977,6.78590267304,25.7157173097,0.310860783875,5.98735975373,0.0,3.4790606647,5.58055326156,5.18476675514,0.0609662696466,-0.0564055823031,0.0,438.56520350920607,440.68777971894065,438.665211634407,439.7888041160264
4.199999999999998,2.60973425141,7.12566580535,26.0263153673,0.314924426473,5.98363211621,0.0,3.65806136268,5.74479822103,5.16778615829,0.0786405497824,-0.0771505236138,0.0,465.81600320450093,464.1877106498495,465.63092838532606,467.0150602561249
4.259999999999997,2.83524794969,7.47591868973,26.337727695,0.319640886495,5.97912846762,0.0,3.85908327497,5.93015893118,5.21137744153,0.0785418602787,-0.0711806447365,0.0,486.2497569367205,486.6929978535224,487.6052254335852,487.60218300467665
4.319999999999996,3.07097499297,7.83541347303,26.6459296206,0.324321993063,5.97533064863,0.0,3.99873572777,6.05314919376,5.06213725864,0.0769511622267,-0.0509476315847,0.0,422.90775504355577,424.6442270712305,424.327821487453,424.1963595878542
4.379999999999995,3.31547818001,8.20267111143,26.9462518573,0.329128852271,5.97244858906,0.0,4.15147362971,6.18886267819,4.94848878194,0.0857864685828,-0.0427672119182,0.0,435.34329503634245,436.02599004519044,437.1637246972466,437.90478284287013
4.439999999999993,3.56920398568,8.578133531,27.2398520373,0.333876232783,5.96940710976,0.0,4.30611669668,6.32664616491,4.8380300139,0.0604615631298,-0.0754116834232,0.0,439.9378827247428,437.2236682305385,438.55475573660146,436.45041048556146
4.499999999999992,3.83173098394,8.96136612286,27.525339656,0.337293226086,5.96484602151,0.0,4.44506089357,6.44781667631,4.67841542239,0.0487956370867,-0.0772587533147,0.0,419.9765510517358,419.81133384544546,421.54152186184575,420.5342697982132
4.559999999999991,4.10333340163,9.3525580325,27.8032383896,0.340478899565,5.96012998712,0.0,4.60852527251,6.59178161109,4.58460828103,0.0605400355813,-0.0814273349699,0.0,443.7345732947372,443.3871753060642,443.80896273706276,444.7739908381475
4.6199999999999894,4.38528727934,9.75287039116,28.0768787319,0.343723050604,5.9552075346,0.0,4.79003504155,6.75175610022,4.53610027986,0.0361941410384,-0.0832962726928,0.0,460.3344743124785,460.18131068236164,461.49514677117696,459.5706097971683
4.679999999999988,4.67689040534,10.1614827267,28.3440062099,0.34569517383,5.95047606558,0.0,4.93035937117,6.86858064911,4.36842987634,0.0252147849282,-0.0712043293201,0.0,418.90220954709383,419.94730131370096,419.01954045465925,418.06412342011413
4.739999999999987,4.97823006723,10.5783219485,28.6045613692,0.347244441895,5.94648696024,0.0,5.114317748,7.02568552757,4.31625628131,0.0270069101723,-0.0584141190181,0.0,458.7511548528845,459.7627422624255,460.45893643680665,460.60083157767343
4.799999999999986,5.29105437274,11.0049483373,28.8630914013,0.34934679423,5.94315779812,0.0,5.31302779352,7.19476560668,4.30066536071,0.0475754677459,-0.0501949964954,0.0,472.8779859040399,473.5089943626034,472.8494412082236,474.4322099839701
4.859999999999984,5.6151847346,11.4410743088,29.1189823413,0.352116262059,5.94063227351,0.0,5.49122185589,7.34253760333,4.22865902404,0.0431609853138,-0.0294697149085,0.0,455.3906875987123,457.0450077538299,455.63774677315274,455.2857680904069
4.919999999999983,5.94928797155,11.8853499694,29.3686629935,0.354484987007,5.93876777357,0.0,5.64552115197,7.46654238393,4.0941661004,0.0308542332605,-0.0344954313717,0.0,434.52013818732365,434.0981108314795,434.73844322739416,433.7064839176797
4.979999999999982,6.29379690478,12.3381550371,29.6133147347,0.356011326368,5.93701168358,0.0,5.8378421162,7.62655092864,4.06034568474,0.0114829965697,-0.0204574180712,0.0,468.671592799181,469.7615060093141,470.4801317727595,468.97753202245366
5.0399999999999805,6.64881946818,12.7995382462,29.8533261297,0.356345622688,5.93608628828,0.0,5.99612405494,7.7526141158,3.94022319949,-0.0101528197428,-0.00688944136905,0.0,439.79168058324467,440.9145131397124,441.10503585738604,439.31403244454236
